#Criando vetor de vendedores
vetorDeVendedores <- c(12,41,23,43,52,7,13,24,34,7)